# reg     00 01 02 03 04 05 06 07 08 09 10 11 12 13 14 15 16 17 18 19 20
00        40 00 0F 04 01 00 01 01 01 00 00 01 01 FF FF 50
10        40 10 12 01 00 00 00 00 00 59 04 00 00 00 00 00 00 00 00
11        40 11 08 01 50 29 63 03 02
20        40 20 13 7D 00 00 00 A4 01 00 00 69 00 00 00 00 00 00 00 01
21        40 21 12 0D 00 38 00 D6 00 87 69 00 00 00 00 00 00 00 00
30        40 30 0D 18 44 00 1C 01 00 00 00 00 00 00
60        40 60 13 80 00 18 00 00 00 50 1C 02 18 01 E0 02 03 A4 79 00
61        40 61 12 80 00 1F 01 22 01 19 01 0E 01 E7 01 04 00 76 00
62        40 62 13 80 00 00 FA 00 78 00 00 01 AF 00 00 31 00 00 AF 00
63        40 63 0A 80 00 01 70 87 62 33 00
64        40 64 12 80 00 02 00 00 00 00 18 01 00 00 00 EE 01 05 05

